[Genio.jpg]
moddate=30a81164191fd201
width=319
height=470
text=1;138;7;Gênio&#010;;SketchFlow Print;0.203205,0.823646,0.133333,0.000000;v1,4278190080,4278190080,128.000000,1.000000,0.168224,1.000000,700,2,49152;;
textactive=1
[Sortudo.jpg]
moddate=51efed86191fd201
width=317
height=470
text=1;138;7;Sortudo;SketchFlow Print;0.085178,0.702131,0.133333,0.000000;v1,4278190080,4278190080,128.000000,1.000000,0.168224,1.000000,700,2,49152;;
textactive=1
[Nerd.jpg]
moddate=2abee495191fd201
width=319
height=470
text=1;135;4;Nerd;SketchFlow Print;0.222573,0.738301,0.133333,0.000000;v1,4278190080,4278190080,128.000000,1.000000,0.168224,1.000000,700,2,49152;;
textactive=1
